version https://git-lfs.github.com/spec/v1
oid sha256:e579d76e466457959723809b2e9716c21dd1fb1a20de01ac346d0f3655cbab8b
size 13250
